// Loadind the provided dataset into a suitable format for processing
import pandas as pd
import numpy as np

# Provided dataset
data = {
    'x1': [24.412, 35.19, 26.288, 0.376, 26.116, 25.893, 23.606, 28.026, 26.36, 23.013, 27.819, 39.634, 35.477, 25.768, -0.684, 3.387, 32.986, 34.258, 6.313, 33.899, 4.718, 21.054, 3.267, 24.537, 4.55, 25.712, 3.884, 29.081, 14.943, 32.169, 32.572, 33.673, 29.189, 25.994, 16.513, 23.492, 26.878, 31.604, 34.078, 11.286, 30.15, 36.569, 3.983, 12.891, 21.314, 29.101, 30.671, 35.139, 35.563, 35.028, 9.776, 24.268, -0.36, 33.062, 21.034, 31.806, 22.493, 29.056, 29.822, 35.439],
    'x2': [32.932, 12.189, 41.718, 15.506, 3.963, 31.515, 15.402, 15.47, 34.488, 36.213, 41.867, 42.23, 35.104, 5.967, 21.105, 17.81, 3.412, 9.931, 29.426, 37.535, 12.125, 5.067, 21.911, 38.822, 16.179, 7.409, 28.616, 34.539, 23.263, 45.421, 16.944, 13.163, 13.226, 34.444, 23.396, 11.142, 36.609, 36.911, 33.827, 16.082, 9.642, 45.827, 11.839, 23.832, 13.264, 44.781, 9.294, 9.803, 42.759, 15.779, 16.988, 5.693, 15.319, 47.693, 37.463, 4.484, 39.466, 46.004, 13.83, 14.439]
}

# Convert to DataFrame
df = pd.DataFrame(data)

# Display the first few rows of the dataset
df.head()
